world: world
x: -212.57650938615618
y: 72.0
z: -366.50455026066675
yaw: 1.9484863
pitch: 70.79996
name: deluxejoin-reload
lastowner: f878090c-42dc-3ff0-b26f-4ab19e0244d4
