lastAccountName: aritz331_
timestamps:
  login: 1629907813214
  logout: 1629907798683
  lastteleport: 1610992815756
  jail: 0
ipAddress: 127.0.0.1
logoutlocation:
  world: world
  x: -508.2301999785907
  y: 68.0
  z: 765.9590287271805
  yaw: 41.779545
  pitch: 24.883274
lastlocation:
  world: world
  x: -568.9437500089407
  y: 63.0
  z: 764.2899437426219
  yaw: -116.02022
  pitch: 63.133507
confirm-clear: false
jailed: false
