jails: 
  1: 
    world: world
    x: -165.00816275011704
    y: 67.0
    z: -365.55575383134834
    yaw: 42.753235
    pitch: -0.90020746
